0 19205
1 17143
2 15656
3 13885
4 12895
5 11418
6 10457
7 9699
8 8553
9 7629
10 6925
11 6278
12 5658
13 5167
14 4760
15 4334
16 3751
17 3354
18 3161
19 2831
20 2617
21 2377
22 2094
23 1913
24 1731
25 1579
26 1344
27 1306
28 1158
29 1088
30 994
31 839
32 751
33 715
34 598
35 609
36 530
37 478
38 406
39 382
40 347
41 320
42 303
43 273
44 216
45 206
46 188
47 182
48 171
49 137
50 133
51 130
52 105
53 101
54 90
55 84
56 54
57 59
58 68
59 40
60 53
61 56
62 36
63 43
64 33
65 25
66 22
67 32
68 25
69 8
70 14
71 19
72 19
73 13
74 13
75 20
76 10
77 11
78 10
79 8
80 6
81 9
82 6
83 2
84 1
85 2
86 1
87 2
88 1
89 1
90 4
91 2
92 3
93 3
94 1
95 2
96 1
97 2
98 0
99 0
0 18920
1 17254
2 15720
3 14084
4 12789
5 11439
6 10408
7 9397
8 8711
9 7756
10 7045
11 6300
12 5761
13 5157
14 4806
15 4251
16 3805
17 3539
18 3092
19 2761
20 2626
21 2256
22 2089
23 1976
24 1751
25 1575
26 1400
27 1263
28 1167
29 1049
30 926
31 844
32 758
33 672
34 675
35 574
36 490
37 463
38 401
39 412
40 314
41 320
42 290
43 266
44 216
45 213
46 173
47 177
48 152
49 137
50 129
51 130
52 106
53 88
54 76
55 79
56 81
57 56
58 58
59 57
60 47
61 49
62 38
63 50
64 47
65 21
66 27
67 29
68 24
69 21
70 21
71 15
72 17
73 8
74 11
75 8
76 6
77 9
78 8
79 5
80 11
81 6
82 5
83 0
84 5
85 2
86 2
87 2
88 1
89 3
90 1
91 3
92 1
93 4
94 0
95 0
96 2
97 3
98 2
99 2
0 18920
1 17254
2 15720
3 14084
4 12789
5 11439
6 10408
7 9397
8 8711
9 7756
10 7045
11 6300
12 5761
13 5157
14 4806
15 4251
16 3805
17 3539
18 3092
19 2761
20 2626
21 2256
22 2089
23 1976
24 1751
25 1575
26 1400
27 1263
28 1167
29 1049
30 926
31 844
32 758
33 672
34 675
35 574
36 490
37 463
38 401
39 412
40 314
41 320
42 290
43 266
44 216
45 213
46 173
47 177
48 152
49 137
50 129
51 130
52 106
53 88
54 76
55 79
56 81
57 56
58 58
59 57
60 47
61 49
62 38
63 50
64 47
65 21
66 27
67 29
68 24
69 21
70 21
71 15
72 17
73 8
74 11
75 8
76 6
77 9
78 8
79 5
80 11
81 6
82 5
83 0
84 5
85 2
86 2
87 2
88 1
89 3
90 1
91 3
92 1
93 4
94 0
95 0
96 2
97 3
98 2
99 2
