
234158470
617972207
1670848926
1490684843
372973596
1873315018
1912849004
1011474826
1218526182
1841449441
1560206571
1380451305
1038673051
1046040575
625466388
1462308683
413911449
1229848633
1182345136
451151692
1885174047
256810637
229604281
1865675140
1439615048
110809471
1005198374
1163239619
1491851150
1406429856
236682594
1383409148
551783005
127204536
516723751
264125874
1399087143
809763588
12107783
2111353228
883411748
1061895064
731890504
1315162885
1620735348
1013971425
1431773973
399480833
1993332382
839155932
1351688106
149577518
1449793018
512069825
1436096554
1644178592
1861203540
704561853
860618916
202371829
1152570871
1642946705
506869970
1621011043
1606162991
1678268797
142471600
1928301634
1926862104
105044908
1218970316
862427595
506355434
1942510046
1679398141
1007842020
856539099
1376092715
1353652588
1970032546
850132800
2039523638
1640909321
1208741331
1491596942
2064500472
515168981
331780676
1601132519
1551416070
2090126158
1481622526
1761971561
885767661
1191269767
2034409231
590894714
1602971990
787910539
252605332
102966687
715399629
952373951
13764470
1133308543
1205467422
529586308
2139656638
1893283184
1723779588
234158470
617972207
1670848926
1490684843
372973596
1873315018
1912849004
1011474826
1218526182
1841449441
1560206571
234158470
617972207
1670848926
1490684843
372973596
1873315018
1912849004
1011474826
1218526182
1841449441
1560206571
234158470
617972207
1670848926
1490684843
372973596
1873315018
1912849004
1011474826
1218526182
1841449441
1560206571
234158470
617972207
1670848926
1490684843
372973596
1873315018
1912849004
1011474826
1218526182
1841449441
1560206571
234158470
617972207
1670848926
1490684843
372973596
1873315018
1912849004
1011474826
1218526182
1841449441
1560206571
234158470
617972207
1670848926
1490684843
372973596
1873315018
1912849004
1011474826
1218526182
1841449441
1560206571
234158470
617972207
1670848926
1490684843
372973596
1873315018
1912849004
1011474826
1218526182
1841449441
1560206571
234158470
617972207
1670848926
1490684843
372973596
1873315018
1912849004
1011474826
1218526182
1841449441
1560206571
234158470
617972207
1670848926
1490684843
372973596
1873315018
1912849004
1011474826
1218526182
1841449441
1560206571
234158470
617972207
1670848926
1490684843
372973596
1873315018
1912849004
1011474826
1218526182
1841449441
1560206571
234158470
617972207
1670848926
1490684843
372973596
1873315018
1912849004
1011474826
1218526182
1841449441
1560206571
234158470
617972207
1670848926
1490684843
372973596
1873315018
1912849004
1011474826
1218526182
1841449441
1560206571
234158470
617972207
1670848926
1490684843
372973596
1873315018
1912849004
1011474826
1218526182
1841449441
1560206571
234158470
617972207
1670848926
1490684843
372973596
1873315018
1912849004
1011474826
1218526182
1841449441
1560206571
234158470
617972207
1670848926
1490684843
372973596
1873315018
1912849004
1011474826
1218526182
1841449441
1560206571
234158470
617972207
1670848926
1490684843
372973596
1873315018
1912849004
1011474826
1218526182
1841449441
1560206571
234158470
617972207
1670848926
1490684843
372973596
1873315018
1912849004
1011474826
1218526182
1841449441
1560206571
234158470
617972207
1670848926
1490684843
372973596
1873315018
1912849004
1011474826
1218526182
1841449441
1560206571
234158470
617972207
1670848926
1490684843
372973596
1873315018
1912849004
1011474826
1218526182
1841449441
1560206571
234158470
617972207
1670848926
1490684843
372973596
1873315018
1912849004
1011474826
1218526182
1841449441
1560206571
234158470
617972207
1670848926
1490684843
372973596
1873315018
1912849004
1011474826
1218526182
1841449441
1560206571
234158470
617972207
1670848926
1490684843
372973596
1873315018
1912849004
1011474826
1218526182
1841449441
1560206571
234158470
617972207
1670848926
1490684843
372973596
1873315018
1912849004
1011474826
1218526182
1841449441
1560206571
234158470
617972207
1670848926
1490684843
372973596
1873315018
1912849004
1011474826
1218526182
1841449441
1560206571
234158470
617972207
1670848926
1490684843
372973596
1873315018
1912849004
1011474826
1218526182
1841449441
1560206571
234158470
617972207
1670848926
1490684843
372973596
1873315018
1912849004
1011474826
1218526182
1841449441
1560206571
234158470
617972207
1670848926
1490684843
372973596
1873315018
1912849004
1011474826
1218526182
1841449441
1560206571
234158470
617972207
1670848926
1490684843
372973596
1873315018
1912849004
1011474826
1218526182
1841449441
1560206571
234158470
617972207
1670848926
1490684843
372973596
1873315018
1912849004
1011474826
1218526182
1841449441
1560206571
234158470
617972207
1670848926
1490684843
372973596
1873315018
1912849004
1011474826
1218526182
1841449441
1560206571
234158470
617972207
1670848926
1490684843
372973596
1873315018
1912849004
1011474826
1218526182
1841449441
1560206571
234158470
617972207
1670848926
1490684843
372973596
1873315018
1912849004
1011474826
1218526182
1841449441
1560206571
234158470
617972207
1670848926
1490684843
372973596
1873315018
1912849004
1011474826
1218526182
1841449441
1560206571
234158470
617972207
1670848926
1490684843
372973596
1873315018
1912849004
1011474826
1218526182
1841449441
1560206571
234158470
617972207
1670848926
1490684843
372973596
1873315018
1912849004
1011474826
1218526182
1841449441
1560206571
234158470
617972207
1670848926
1490684843
372973596
1873315018
1912849004
1011474826
1218526182
1841449441
1560206571
234158470
617972207
1670848926
1490684843
372973596
1873315018
1912849004
1011474826
1218526182
1841449441
1560206571
234158470
617972207
1670848926
1490684843
372973596
1873315018
1912849004
1011474826
1218526182
1841449441
1560206571
234158470
617972207
1670848926
1490684843
372973596
1873315018
1912849004
1011474826
1218526182
1841449441
1560206571
234158470
617972207
1670848926
1490684843
372973596
1873315018
1912849004
1011474826
1218526182
1841449441
1560206571
234158470
617972207
1670848926
1490684843
372973596
1873315018
1912849004
1011474826
1218526182
1841449441
1560206571
234158470
617972207
1670848926
1490684843
372973596
1873315018
1912849004
1011474826
1218526182
1841449441
1560206571
234158470
617972207
1670848926
1490684843
372973596
1873315018
1912849004
1011474826
1218526182
1841449441
1560206571
1380451305
1038673051
1046040575
625466388
1462308683
413911449
1229848633
1182345136
451151692
1885174047
256810637
229604281
1865675140
1439615048
110809471
1005198374
1163239619
1491851150
1406429856
236682594
1383409148
551783005
127204536
516723751
264125874
1399087143
809763588
12107783
2111353228
883411748
1061895064
731890504
1315162885
1620735348
1013971425
1431773973
399480833
1993332382
839155932
1351688106
149577518
1449793018
512069825
1436096554
1644178592
1861203540
704561853
860618916
202371829
1152570871
1642946705
506869970
1621011043
1606162991
1678268797
142471600
1928301634
1926862104
105044908
1218970316
862427595
506355434
1942510046
1679398141
1007842020
856539099
1376092715
1353652588
1970032546
850132800
2039523638
1640909321
1208741331
1491596942
2064500472
515168981
331780676
1601132519
1551416070
2090126158
1481622526
1761971561
885767661
1191269767
2034409231
590894714
1602971990
787910539
252605332
102966687
715399629
952373951
13764470
1133308543
1205467422
529586308
2139656638
1893283184
1723779588
234158470
617972207
1670848926
1490684843
372973596
1873315018
1912849004
1011474826
1218526182
1841449441
1560206571
1380451305
1038673051
1046040575
625466388
1462308683
413911449
1229848633
1182345136
451151692
1885174047
256810637
229604281
1865675140
1439615048
110809471
1005198374
1163239619
1491851150
1406429856
236682594
1383409148
551783005
127204536
516723751
264125874
1399087143
809763588
12107783
2111353228
883411748
1061895064
731890504
1315162885
1620735348
1013971425
1431773973
399480833
1993332382
839155932
1351688106
149577518
1449793018
512069825
1436096554
1644178592
1861203540
704561853
860618916
202371829
1152570871
1642946705
506869970
1621011043
1606162991
1678268797
142471600
1928301634
1926862104
105044908
1218970316
862427595
506355434
1942510046
1679398141
1007842020
856539099
1376092715
1353652588
1970032546
850132800
2039523638
1640909321
1208741331
1491596942
2064500472
515168981
331780676
1601132519
1551416070
2090126158
1481622526
1761971561
885767661
1191269767
2034409231
590894714
1602971990
787910539
252605332
102966687
715399629
952373951
13764470
1133308543
1205467422
529586308
2139656638
1893283184
1723779588
234158470
617972207
1670848926
1490684843
372973596
1873315018
1912849004
1011474826
1218526182
1841449441
1560206571
234158470
617972207
1670848926
1490684843
372973596
1873315018
1912849004
1011474826
1218526182
1841449441
1560206571
234158470
617972207
1670848926
1490684843
372973596
1873315018
1912849004
1011474826
1218526182
1841449441
1560206571
234158470
617972207
1670848926
1490684843
372973596
1873315018
1912849004
1011474826
1218526182
1841449441
1560206571
234158470
617972207
1670848926
1490684843
372973596
1873315018
1912849004
1011474826
1218526182
1841449441
1560206571
234158470
617972207
1670848926
1490684843
372973596
1873315018
1912849004
1011474826
1218526182
1841449441
1560206571
234158470
617972207
1670848926
1490684843
372973596
1873315018
1912849004
1011474826
1218526182
1841449441
1560206571
234158470
617972207
1670848926
1490684843
372973596
1873315018
1912849004
1011474826
1218526182
1841449441
1560206571
234158470
617972207
1670848926
1490684843
372973596
1873315018
1912849004
1011474826
1218526182
1841449441
1560206571
234158470
617972207
1670848926
1490684843
372973596
1873315018
1912849004
1011474826
1218526182
1841449441
1560206571
234158470
617972207
1670848926
1490684843
372973596
1873315018
1912849004
1011474826
1218526182
1841449441
1560206571
234158470
617972207
1670848926
1490684843
372973596
1873315018
1912849004
1011474826
1218526182
1841449441
1560206571
234158470
617972207
1670848926
1490684843
372973596
1873315018
1912849004
1011474826
1218526182
1841449441
1560206571
1380451305
1038673051
1046040575
625466388
1462308683
413911449
1229848633
1182345136
451151692
1885174047
256810637
229604281
1865675140
1439615048
110809471
1005198374
1163239619
1491851150
1406429856
236682594
1383409148
551783005
127204536
516723751
264125874
1399087143
809763588
12107783
2111353228
883411748
1061895064
731890504
1315162885
1620735348
1013971425
1431773973
399480833
1993332382
839155932
1351688106
149577518
1449793018
512069825
1436096554
1644178592
1861203540
704561853
860618916
202371829
1152570871
1642946705
506869970
1621011043
1606162991
1678268797
142471600
1928301634
1926862104
105044908
1218970316
862427595
506355434
1942510046
1679398141
1007842020
856539099
1376092715
1353652588
1970032546
850132800
2039523638
1640909321
1208741331
1491596942
2064500472
515168981
331780676
1601132519
1551416070
2090126158
1481622526
1761971561
885767661
1191269767
2034409231
590894714
1602971990
787910539
252605332
102966687
715399629
952373951
13764470
1133308543
1205467422
529586308
2139656638
1893283184
1723779588
125405112
1995855069
879441652
1727546053
49949536
1808455236
1661431917
691000458
1015980507
296709223
1668868853
1809212288
734026035
1388557962
179674173
1517788255
943266763
256827727
1719338057
970770018
94743096
1440392161
223663184
357735789
522041707
1178713454
1188381137
1183029129
1135947182
488192567
910743578
70538969
349488915
1786395513
1717200739
960999996
574862942
1205119774
1805842150
773108528
429153004
2012652002
3489113
1189130839
1787539514
1799943077
225257181
1258423340
829564391
245546995
1939765578
490102299
643942977
1543667445
494391821
2015378277
1734783872
555742442
646216952
1930976365
1389456908
74252909
1455565451
1644026026
1615070305
1878416257
463440061
59250779
1338977045
2097358584
679676389
1063331565
286943629
1213815972
2100789894
685794166
392991298
109217179
495654154
1130842116
953851273
24952539
1412070487
725707685
1090273450
1859088439
1772452281
1895349021
2084236469
168240040
1042323697
1514309935
549952221
1843226562
1418340060
748318272
1207736833
1925408512
1160909960
373640992
534081757
924799952
681756086
1971005892
1804269702
1878764540
1008022498
451374239
252556127
2146900295
924598846
1410378264
1792500811
749703030
2059484779
1024187546
1802597817
1925810970
486844093
640615951
1956113486
1320106481
531367549
1670841177
1516624380
2135340667
968437597
623896577
1509090247
1782298759
2123986090
351093358
117203425
2025089711
1963476820
95746311
1051059305
610381799
826662037
921092537
209805026
1113254242
520863214
684884212
371200290
289467791
1611373638
94855264
1712844191
269534566
1764124094
475191089
4901050
1421687340
1824714180
127402616
1956799878
537502586
1861688078
2127695023
1046595559
471749643
2054102523
1751232507
580215703
9245304
1889924130
1154315803
1569202222
350963874
655956657
1141080188
682523198
1871522957
321392430
1978589763
1452350787
676854498
1123670944
1346229294
1927147105
573800497
154605287
1692112036
784579283
135481277
2110204093
884920878
341954867
1119080301
493374869
1175341108
902298334
1346010917
1279433481
823939844
1378211750
1985536361
106543769
620701361
791637303
632904564
522278957
917725376
80403502
15804236
315382646
672587840
1065231054
1359438314
717955812
2004019585
1678547053
411547268
443084398
1491691074
1641592789
929217588
1779526784
1225471590
600501385
455556164
670847971
2024641089
1067769753
1797015559
1396577110
672247172
661713025
1541148729
1739169333
229795237
389244849
1264989767
218734976
538705468
2072402082
504679869
1447614316
1597208548
1960403927
632711980
918639061
885069417
975417300
1305609942
2090572122
305254820
1400165251
945693923
1961801057
1065593404
1407980620
1539822564
412767063
296773281
1578868246
2108726459
1294629810
1015426311
846578841
544240533
86690116
1380879240
1642251137
1058579121
488958573
555014607
1908143293
1513209179
626737792
186306690
1489679973
565264174
948742351
296225529
1116979773
1139742213
324595714
429544380
2040795801
1550424722
2032907139
199815645
54093543
284066410
35468001
1655760369
1857953694
1372172913
1582960854
811266014
1012587119
273115245
471821031
1643035416
1759903106
326503767
989224492
1727790549
1976483603
335622457
385910226
231858245
1406825518
1269487706
1798163059
2134659582
1178738498
1515254411
240297306
481281913
1947780484
2038608521
345250655
214540695
1288587250
204629449
111702753
1933034522
712272918
99549859
321041908
1804543163
928166766
1740428968
1842367484
298964826
657754405
628924665
1658334122
1108742460
1337840130
1004034645
602806259
491399912
566646593
1782824028
1935885391
531097367
1563740993
605478707
411419664
978592823
1036997507
1534610419
561779688
1701494950
438006459
1050393894
421247182
189057863
1005387976
701205062
1044579950
879025529
249156569
934563035
1654025918
1000927828
1559283452
1147215476
1890707058
863046957
216394633
1581850012
989988241
899626923
598333962
1474394351
1929469721
421387804
1570669829
658777897
658079073
1197131497
1798000194
605246769
334263218
631253734
915648584
2074814131
1058045028
1898535287
269855631
1101461910
1121689914
1943982168
831429521
693119137
8166745
2107736271
1875084656
1369250752
228595195
36555691
1708900389
1819617860
13680469
1414222153
514241708
980699848
1860951854
1360564152
600164240
1831338925
1195588556
1786982396
799072588
1741400892
626344928
1339562570
2006299391
263556871
1798037
137302161
616879219
464013499
849189016
396972449
1771868080
1714545307
1212652311
429944432
358823814
1231413688
1742326196
107617091
2105927147
58350044
1414359976
1810444635
8618728
1490976994
680892353
1893427082
1907198514
517762694
187795237
1053139677
917194871
2018373822
1664863180
643512264
1838145894
2022368774
1111661581
2057776731
1861281337
1937594659
994095434
1890107369
1202439257
1958005384
1228013767
709953190
210425063
222432186
1982072539
74296387
1789459827
990574233
1204132358
1207250297
1421831198
134865346
2018433483
1814334167
1670623749
215031775
1994501047
632597000
2099449617
2042973091
910927128
1798417375
91960977
75059712
432010768
465975884
1100345841
1324283361
906964333
784882738
1547891848
1659524275
51793757
157196917
634472110
1775892833
928286052
353429958
2024170940
1343500038
177009587
421359447
709216917
1443508480
1880311097
711237687
68953217
1176545581
460309847
511243424
1627629494
2120926534
564620628
384897425
516654640
2084261516
635608396
1329368657
144167104
2044957585
1476888745
1958047298
1331582725
1746310195
2002946390
1845979111
949949597
869505684
271208221
857313811
715198778
738176217
1287070888
1540174864
101703362
240051929
245698372
190105822
109331984
1856715383
1966231314
520687504
1045266776
1094024007
1961870220
1680705850
1296925920
787680420
1610438039
1665113946
1999508072
60864126
47360815
1660539600
2006076080
476498927
2040306182
546139155
1358295396
1961814195
12582487
405624413
687899136
1614578590
1499147828
1009897160
622055013
890624351
1775697916
1587970051
1026241099
260659351
1575969440
1439397847
850076816
144016082
1092515888
636529170
1263948053
1520944006
283852417
686954408
860064852
491574114
451029828
651666510
564607196
554292188
1259970345
38542022
257854357
529976594
513377858
1866263781
1247226363
2133383460
546140193
577469887
115335360
1565449087
1922642840
1237303103
961242761
892629634
968170361
1044013509
1352935866
1834048088
406852271
188414869
522834374
1714779310
1360492752
449251019
1198528488
16243446
665333420
495566268
2006734531
1134557648
1454057012
364928425
302796906
394801782
1192546221
1035260768
900851031
573656249
759962637
991372904
1597331233
840542945
434723672
928431446
1877586404
53238838
2096226220
116510791
394552003
962275804
1534694860
1559458615
939700058
992710411
1512862395
1563387957
808153976
126442049
316943089
2140644519
646292630
564413700
1189820304
1037326932
1542886321
1518174410
1276271946
1191775616
760393733
1453564081
1020378561
1311765282
1770046684
704879323
1489224915
1055968750
47149221
844626622
1790198925
1060523899
808199588
1614923659
1850521039
1024463926
114761421
935152273
1502871140
788462229
454111135
1167066756
1668068961
69089861
945272457
1517257230
3592673
2061286553
77871131
1723926984
917332478
1788865433
195683211
248314340
755901558
1376564339
1435194249
1208245941
804544823
1520434943
1364658689
1594211994
2021785607
2110189229
563322890
1050683000
2008062058
1821217736
1359990230
766006224
506195623
1703170007
764721754
1912123207
1079629424
142153682
1793933193
678536799
1396761349
307424392
90906061
1580534890
1429907533
879415314
930002859
1693250983
403141315
1389159821
533326444
1688143114
596064206
1101506893
1070323409
469087393
834844902
2041492344
1562460634
1262972095
648990255
597471087
776219700
1561240363
592233338
142414175
1267799728
1949518044
318999390
443182345
1490553300
1122032997
1629407916
630068154
1385569249
228664870
1007175348
1742180464
2081700896
97650243
1890856673
347804606
1964544024
679993256
1369713493
916026572
37979935
626013905
1656167301
255489377
979394499
425516150
1054528543
880013539
748487247
1115991288
2017677002
1565349912
249035204
1595234334
1787919702
1861104272
1118057616
1750175520
1734016722
1023104652
868479286
1588104457
1212335506
879643885
91151838
1221443208
1085751227
1185136170
561724986
1862160633
712387211
1105103877
1012096331
357154214
914698558
166604986
1518123300
5174364
29281489
280116752
69574400
267753674
1397331585
1466133731
1542968256
1119745111
453948803
976626728
986431349
1633422371
754844662
349598571
381749153
1390473951
881006938
220746545
2057430405
624527237
2042631096
638776924
2038054683
480997549
1246042915
1516744324
1498825251
1729998367
790831539
922465432
1695431623
2030996037
731704876
1055272109
1888058238
1528214832
375143341
76004302
1166201675
738392402
211442673
1812952949
1246831744
553911309
1050363301
70825189
2071504668
1489295990
1018966950
1313955496
792973892
506613574
743066596
1183957658
1325577205
414672317
771044354
640391953
60452822
912605429
1575809069
744112932
1589473596
744294846
1862628263
579220325
198860401
738724511
1361933745
2066359833
1373637959
66407128
397616843
1246800225
1934497259
583003743
1639647464
762843719
544444802
1457828064
358088527
1395907155
280776072
622185914
140388460
840378390
1364126585
1662747606
1034847900
1535770227
31250869
1701458763
104093164
458289465
729143136
1752907851
1462725294
1123847488
1388773880
1632369189
1862098650
1341388753
1713501618
216578865
889205374
413013646
1176804964
1638087217
2031348123
1136076894
2037130979
768508141
662289054
1265438241
625802272
1161301904
1232383219
127209542
880466392
73112457
74780653
1211790464
630110979
1203138501
1760911617
997202930
520095697
1144883900
1190452676
142349323
680657298
1870768434
1574551853
748258827
436493515
1395395876
661763496
804081256
804729968
635453987
671769260
307739131
1671174566
334658009
1675842665
1483323115
1647106685
1848303897
1490581475
2050052189
684318927
1295457716
438632490
1695871564
107693126
278410064
173262621
987466354
1817474404
313781373
474394618
1709697566
965742603
1398458225
252655101
849788378
1923485387
1276057743
598540871
1927152933
778489960
1914981480
1895449082
153568402
1511304810
796326616
984197625
777986579
658017185
1980176675
1262967986
1491087839
1272038984
773616205
1011611905
2031687125
827404011
387524386
507187238
1379549442
1974996325
72040323
538516164
1457895922
2134866066
1055379953
1523728230
1445652974
799384684
1952070034
426363959
561037606
1472207443
965816646
771487162
1987053273
906109937
2035650465
1594408114
1866054668
656629261
1035657168
2135707963
718304551
281534369
18180593
94202923
1581110759
103576946
1465774099
2081435069
2079114611
215107900
86869130
1133591068
1683065605
965042623
1487163560
141766971
1192309910
174052925
381905285
1134703524
1928769849
1272948797
634589300
1013910961
183674703
198770854
1136584484
692716149
1631238556
760216780
1584209472
1875140743
1645971849
1481307669
1098014105
1720892527
1885992545
1469070946
1379535528
1046351050
83887201
1061214105
400533908
170054430
366655861
1200487353
776078210
331907298
174057173
1754445873
889390535
277339794
2031929868
114873435
437974368
1413054640
983820953
20820669
102079289
467344161
1065574246
1854551414
1532983405
1754760826
1754223321
140366338
2064245223
1813570024
1226969115
1859598656
1048329710
164169191
1295881563
720290087
253997253
1402689823
1216893306
1237463520
1663301953
1114113135
1566309646
1532796537
1405627959
1235777812
748419968
684960811
1334438506
1821665343
1966168121
317914128
280762066
1827475732
377958423
1113723880
2083941059
1854653121
1525356017
2093832946
507388859
1146929557
1380129317
1425354613
1426995817
1203305616
461561112
984560645
2138992807
536297442
944380949
2064467652
1097263153
558823111
1347767484
631602350
2022799594
1533207096
10509667
1584446321
14512547
798243823
744475213
554112663
1198583000
1694974138
530328919
1373106507
604436170
1825850178
1225736097
1225710347
47915814
61814618
156819247
383915822
1567760487
491960111
1974561947
527052022
64431256
2035078905
707561682
1701696149
1917248176
697273602
770845902
1106278481
1913577602
1122392655
161081500
307173754
434399791
709545793
1510988140
1125853818
221906062
783780514
1595227331
243080964
906147430
1254730361
2110082757
756227656
194616887
73768822
1826173452
935070903
443920138
574684412
496627725
1884691933
684554079
1565823388
1163528273
1238093161
1719986850
299893957
1122776805
1085820681
395886041
1627417652
428171679
1050583252
1417181171
1367500937
1403928105
1412199426
433484987
1187305467
1406135475
720784920
625599578
535638008
1495407260
557471699
925076293
1462450918
25634545
1384086820
1566184007
1750786851
1148359632
642427378
2104573383
1156664209
172884528
254456327
9507415
1975543912
1396633874
441770402
977006635
772788412
437936207
975174210
799928229
814033726
1983569268
562587233
1067318863
2061208850
1099533914
752922805
1865275877
1417087955
1738567384
2103741447
1980292146
1601682714
459016047
916646329
1066669088
1840517990
1967320088
1947259939
121332388
339332565
274078055
1928468759
1095828539
1328347037
1884597984
1087727176
1006230899
1168807470
1626734710
1718846349
919323447
647367826
1765404515
573779082
128741426
617002559
2101624676
1181239
244642146
475603976
259784040
446916542
2078483220
1954820736
1506664205
895551793
81388985
283044761
417779755
979761724
1145300124
956392313
573859441
1085490028
860348376
509394369
232778305
115830103
2017166246
669509534
1505307447
1366211177
2030813834
1956576172
1579278335
177548457
1535969330
2135509724
421923666
1401981215
968668445
1194114091
282474324
583318157
884517301
150962676
1706865741
1803985185
454228730
44568131
1587082498
2109207649
544074052
1012563559
724999163
574606979
1277946006
2071932227
1664026308
86648846
1372150160
1173316184
1011524951
1457561761
1522503021
1448243121
1157302907
1329943524
1284603010
2055247425
1079658199
1251901863
1991065046
2129818310
1090863049
1434306019
650926711
2025378388
639364146
1963485269
639737869
2052938981
1358391337
358095078
1100173028
2064613682
194122278
1602531365
743105812
1637151377
905103139
2130748185
2038927433
1933166345
191185955
590162201
682082146
1156937715
1329712984
106161719
1405755465
405730669
1116766701
1973545854
1260734353
602368907
1255390710
1460383516
1535504199
1189479331
1382527762
535514108
1549334854
912068996
773404173
1158253425
509542353
644454332
426921471
686242708
1837130139
1405294501
1333840944
840339372
1593673690
1644110764
1489376821
457955003
1052825726
1880562886
583932576
1033726934
36824738
201635411
2037509599
412017142
173540145
1335480366
914432696
508960064
1959020019
933198288
1648436514
819857576
1584083933
333849516
863245780
2092681050
55609675
1062133257
1683516928
1651620011
325018519
1304700710
1521525830
814869137
691320809
1275227159
314109686
2092917967
1379536671
887886117
477406478
1194686152
1009679333
2109452972
398229764
2109092597
500486287
573111852
652101303
217395684
780462749
1924294812
638636849
503575571
1002780558
1114434684
2095350888
151475966
1015134483
632911717
501937207
1084495605
677074656
1426769349
1744961357
1865951323
1263353169
1400843041
1043783876
1848651740
756571375
1747712608
739564164
1161235710
74133204
399953851
786262422
998825608
275835840
339582451
1220372436
909744556
1404152890
1509697622
614053847
711983236
1602450297
942424516
1382679405
505666721
1402934517
1678684550
1473003480
410901404
845038777
2124020259
667928629
1692318349
1242935652
913638816
1148107855
1331712817
1763939504
1581958451
573228752
1341313700
137618328
353330052
476333342
1977704509
679715846
2065545303
1305945800
571941299
487251490
1487536521
1052691854
932789311
1969367069
1865073673
116634002
285841948
920957533
2083128665
887727937
1458631708
1717067788
195543655
1544647944
1428186973
2021389408
1698568203
1209340463
836754848
1059256024
1997008888
1194255224
1972761807
686945141
662453248
609662970
800546083
768838724
1214575433
174301567
1051630799
553820074
1853218741
368594457
1916488405
990838671
745438081
432031349
88912595
1747409517
1341504680
1932632340
1426984447
1302889292
1794551179
372674464
1050854791
650380703
1633585665
900217731
958494766
2031673520
1484850300
364844740
350140291
1822700822
726122993
908054323
1176736608
161446183
92392165
550799443
1776818658
1186550672
658492365
1091497734
1486854282
906309054
500585742
327208279
540875312
616461778
1685960733
1186092463
1758900790
2015340236
474255781
170797157
737614940
934196930
1846131696
2085885018
325958749
1863652242
1940573241
1087098810
530413736
652149555
787497928
38368004
400568230
1209687942
235877308
436199631
1532530003
341855727
1084581955
882144255
813058649
1568148638
1959229697
66415089
1710061846
1205141155
239428415
1511477562
1494230255
1029726425
191824066
26820583
888245537
748038772
662092298
1700982854
1212205531
2046355480
1228794080
360372413
2075667557
1625174355
77011448
188664291
1214059209
900796037
2091852813
163498311
534766453
172537972
1131314489
1752593388
2070586098
1692555114
1890896101
2139382865
1117294312
1943606506
129634317
413515529
999368351
233486590
269803331
2082706937
1058182164
1086135494
1146732608
1367091576
921357340
1812293530
352849818
900831977
1595755925
1151540231
1868292517
1419274573
2005931081
270992435
1291435109
793975660
1071296204
1388764665
1722522026
1105654059
1458367933
1012920482
21008477
1523331576
1200447648
1044506242
14744906
1264190620
1155969874
486013912
2049488272
1249824335
1729603596
682876488
679196082
216600185
761025599
484069425
325884682
1366662649
1105379040
312146806
134909082
1550003029
1694987009
2005641233
442282610
1152989997
2022992569
120686523
694455250
1212309528
1909125002
1131295602
2005651374
768605477
2111757304
821099128
300206849
2104252372
53270575
187531327
469164622
1237279280
1981293039
1990822387
333760241
1114424639
1969903351
2038343716
796582410
1586749695
669775646
2133457634
1759153750
893373977
1857219299
360864488
2134476650
475559573
1703729301
592143331
472531378
1727197557
267634512
1526063
2007152209
274303657
1632755307
462331155
709819416
1704673853
1694213513
1631816605
595247704
1023510987
1372264709
1282881984
701004938
517285402
952184212
502307890
539520259
1478264493
1763027116
1388457538
142822847
1695588032
1862702966
796396244
1901211311
156288661
676002575
77617348
810631080
36365285
1025474969
1251709207
1163026829
499806970
1977469159
1874092997
1779760428
1740603061
917063367
298901995
228185081
796941343
525183481
935224405
1574846017
839097138
1003106524
193154565
310838184
38161500
1734776542
876808942
937060524
597808429
36346069
903291158
1807333576
2021029144
556691819
77944102
285503834
2013985395
526959389
1968571541
487517397
1105124026
1878577704
10020192
881473749
387127919
429574102
255517966
1968382184
1685898749
1768262311
525717172
26659526
278673243
883007714
943655185
1530584505
663533384
1230988269
855689629
1391551210
2059018360
2035961044
1628357809
1863376843
178177570
487839912
1776425085
1348390211
1163985628
945607353
43693366
258330760
1081884593
280920508
231252448
1313555917
1004017024
15246733
611662790
1849511846
626804160
903336873
1677028727
2111442488
2077241126
1478239789
179060626
1403626497
598581793
670838030
327238787
1205570609
1113389336
714908388
1296492008
1591425053
319807625
2058104060
347090730
1967574576
1517161761
89551241
469220425
1098701163
2063425778
1348852084
2003695906
182245353
529712591
2016506202
570489916
1915113532
1361401810
1459517143
228821108
1420597191
429071905
760188192
642053481
308855856
2125401325
415754087
605946357
1214886658
396754528
1004570450
2059678381
1057851700
1811853407
195235362
1193768383
70419705
619301546
1317192662
1152453131
269816994
1994015253
518398282
1727173889
2104146419
929504410
1629451267
1458788333
927002386
757333872
268326563
98989933
960760781
1153369131
2115672169
1311951460
2017565396
1842506146
84769726
731691293
595532019
1577979197
1850955489
1793850548
38718063
366376978
1632710605
788501792
2125517143
1972681104
799962979
422795800
1923113918
1518543604
1865864585
67455474
445557253
2129725675
753856299
498549087
809646214
746992547
1159927100
539365950
1208867202
1401141401
71914687
897001560
282920731
826038070
299467168
501228868
549094548
2097871988
1031790953
1526619264
1063792161
1452122785
245651994
1483252254
968672766
1690401047
1328614428
133459034
1073667151
1211190748
1852531188
466692793
1403922489
398410856
393816795
531505803
1676667748
234158470
617972207
1670848926
1490684843
372973596
1873315018
1912849004
1011474826
1218526182
1841449441
1560206571
234158470
617972207
1670848926
1490684843
372973596
1873315018
1912849004
1011474826
1218526182
1841449441
1560206571
234158470
617972207
1670848926
1490684843
372973596
1873315018
1912849004
1011474826
1218526182
1841449441
1560206571
234158470
617972207
1670848926
1490684843
372973596
1873315018
1912849004
1011474826
1218526182
1841449441
1560206571
234158470
617972207
1670848926
1490684843
372973596
1873315018
1912849004
1011474826
1218526182
1841449441
1560206571
1380451305
1038673051
1046040575
625466388
1462308683
413911449
1229848633
1182345136
451151692
1885174047
256810637
229604281
1865675140
1439615048
110809471
1005198374
1163239619
1491851150
1406429856
236682594
1383409148
551783005
127204536
516723751
264125874
1399087143
809763588
12107783
2111353228
883411748
1061895064
731890504
1315162885
1620735348
1013971425
1431773973
399480833
1993332382
839155932
1351688106
149577518
1449793018
512069825
1436096554
1644178592
1861203540
704561853
860618916
202371829
1152570871
1642946705
506869970
1621011043
1606162991
1678268797
142471600
1928301634
1926862104
105044908
1218970316
862427595
506355434
1942510046
1679398141
1007842020
856539099
1376092715
1353652588
1970032546
850132800
2039523638
1640909321
1208741331
1491596942
2064500472
515168981
331780676
1601132519
1551416070
2090126158
1481622526
1761971561
885767661
1191269767
2034409231
590894714
1602971990
787910539
252605332
102966687
715399629
952373951
13764470
1133308543
1205467422
529586308
2139656638
1893283184
1723779588
234158470
617972207
1670848926
1490684843
372973596
1873315018
1912849004
1011474826
1218526182
1841449441
1560206571
234158470
617972207
1670848926
1490684843
372973596
1873315018
1912849004
1011474826
1218526182
1841449441
1560206571
234158470
617972207
1670848926
1490684843
372973596
1873315018
1912849004
1011474826
1218526182
1841449441
1560206571
234158470
617972207
1670848926
1490684843
372973596
1873315018
1912849004
1011474826
1218526182
1841449441
1560206571
1380451305
1038673051
1046040575
625466388
1462308683
413911449
1229848633
1182345136
451151692
1885174047
256810637
229604281
1865675140
1439615048
110809471
1005198374
1163239619
1491851150
1406429856
236682594
1383409148
551783005
127204536
516723751
264125874
1399087143
809763588
12107783
2111353228
883411748
1061895064
731890504
1315162885
1620735348
1013971425
1431773973
399480833
1993332382
839155932
1351688106
149577518
1449793018
512069825
1436096554
1644178592
1861203540
704561853
860618916
202371829
1152570871
1642946705
506869970
1621011043
1606162991
1678268797
142471600
1928301634
1926862104
105044908
1218970316
862427595
506355434
1942510046
1679398141
1007842020
856539099
1376092715
1353652588
1970032546
850132800
2039523638
1640909321
1208741331
1491596942
2064500472
515168981
331780676
1601132519
1551416070
2090126158
1481622526
1761971561
885767661
1191269767
2034409231
590894714
1602971990
787910539
252605332
102966687
715399629
952373951
13764470
1133308543
1205467422
529586308
2139656638
1893283184
1723779588
234158470
617972207
1670848926
1490684843
372973596
1873315018
1912849004
1011474826
1218526182
1841449441
1560206571
1380451305
1038673051
1046040575
625466388
1462308683
413911449
1229848633
1182345136
451151692
1885174047
256810637
229604281
1865675140
1439615048
110809471
1005198374
1163239619
1491851150
1406429856
236682594
1383409148
551783005
127204536
516723751
264125874
1399087143
809763588
12107783
2111353228
883411748
1061895064
731890504
1315162885
1620735348
1013971425
1431773973
399480833
1993332382
839155932
1351688106
149577518
1449793018
512069825
1436096554
1644178592
1861203540
704561853
860618916
202371829
1152570871
1642946705
506869970
1621011043
1606162991
1678268797
142471600
1928301634
1926862104
105044908
1218970316
862427595
506355434
1942510046
1679398141
1007842020
856539099
1376092715
1353652588
1970032546
850132800
2039523638
1640909321
1208741331
1491596942
2064500472
515168981
331780676
1601132519
1551416070
2090126158
1481622526
1761971561
885767661
1191269767
2034409231
590894714
1602971990
787910539
252605332
102966687
715399629
952373951
13764470
1133308543
1205467422
529586308
2139656638
1893283184
1723779588
125405112
1995855069
879441652
1727546053
49949536
1808455236
1661431917
691000458
1015980507
296709223
1668868853
1809212288
734026035
1388557962
179674173
1517788255
943266763
256827727
1719338057
970770018
94743096
1440392161
223663184
357735789
522041707
1178713454
1188381137
1183029129
1135947182
488192567
910743578
70538969
349488915
1786395513
1717200739
960999996
574862942
1205119774
1805842150
773108528
429153004
2012652002
3489113
1189130839
1787539514
1799943077
225257181
1258423340
829564391
245546995
1939765578
490102299
643942977
1543667445
494391821
2015378277
1734783872
555742442
646216952
1930976365
1389456908
74252909
1455565451
1644026026
1615070305
1878416257
463440061
59250779
1338977045
2097358584
679676389
1063331565
286943629
1213815972
2100789894
685794166
392991298
109217179
495654154
1130842116
953851273
24952539
1412070487
725707685
1090273450
1859088439
1772452281
1895349021
2084236469
168240040
1042323697
1514309935
549952221
1843226562
1418340060
748318272
1207736833
1925408512
1160909960
373640992
534081757
924799952
681756086
1971005892
1804269702
1878764540
1008022498
451374239
252556127
2146900295
924598846
1410378264
1792500811
749703030
2059484779
1024187546
1802597817
1925810970
486844093
640615951
1956113486
1320106481
531367549
1670841177
1516624380
2135340667
968437597
623896577
1509090247
1782298759
2123986090
351093358
117203425
2025089711
1963476820
95746311
1051059305
610381799
826662037
921092537
209805026
1113254242
520863214
684884212
371200290
289467791
1611373638
94855264
1712844191
269534566
1764124094
475191089
4901050
1421687340
1824714180
127402616
1956799878
537502586
1861688078
2127695023
1046595559
471749643
2054102523
1751232507
580215703
9245304
1889924130
1154315803
1569202222
350963874
655956657
1141080188
682523198
1871522957
321392430
1978589763
1452350787
676854498
1123670944
1346229294
1927147105
573800497
154605287
1692112036
784579283
135481277
2110204093
884920878
341954867
1119080301
493374869
1175341108
902298334
1346010917
1279433481
823939844
1378211750
1985536361
106543769
620701361
791637303
632904564
522278957
917725376
80403502
15804236
315382646
672587840
1065231054
1359438314
717955812
2004019585
1678547053
411547268
443084398
1491691074
1641592789
929217588
1779526784
1225471590
600501385
455556164
670847971
2024641089
1067769753
1797015559
1396577110
672247172
661713025
1541148729
1739169333
229795237
389244849
1264989767
218734976
538705468
2072402082
504679869
1447614316
1597208548
1960403927
632711980
918639061
885069417
975417300
1305609942
2090572122
305254820
1400165251
945693923
1961801057
1065593404
1407980620
1539822564
412767063
296773281
1578868246
2108726459
1294629810
1015426311
846578841
544240533
86690116
1380879240
1642251137
1058579121
488958573
555014607
1908143293
1513209179
626737792
186306690
1489679973
565264174
948742351
296225529
1116979773
1139742213
324595714
429544380
2040795801
1550424722
2032907139
199815645
54093543
284066410
35468001
1655760369
1857953694
1372172913
1582960854
811266014
1012587119
273115245
471821031
1643035416
1759903106
326503767
989224492
1727790549
1976483603
335622457
385910226
231858245
1406825518
1269487706
1798163059
2134659582
1178738498
1515254411
240297306
481281913
1947780484
2038608521
345250655
214540695
1288587250
204629449
111702753
1933034522
712272918
99549859
321041908
1804543163
928166766
1740428968
1842367484
298964826
657754405
628924665
1658334122
1108742460
1337840130
1004034645
602806259
491399912
566646593
1782824028
1935885391
531097367
1563740993
605478707
411419664
978592823
1036997507
1534610419
561779688
1701494950
438006459
1050393894
421247182
189057863
1005387976
701205062
1044579950
879025529
249156569
934563035
1654025918
1000927828
1559283452
1147215476
1890707058
863046957
216394633
1581850012
989988241
899626923
598333962
1474394351
1929469721
421387804
1570669829
658777897
658079073
1197131497
1798000194
605246769
334263218
631253734
915648584
2074814131
1058045028
1898535287
269855631
1101461910
1121689914
1943982168
831429521
693119137
8166745
2107736271
1875084656
1369250752
228595195
36555691
1708900389
1819617860
13680469
1414222153
514241708
980699848
1860951854
1360564152
600164240
1831338925
1195588556
1786982396
799072588
1741400892
626344928
1339562570
2006299391
263556871
1798037
137302161
616879219
464013499
849189016
396972449
1771868080
1714545307
1212652311
429944432
358823814
1231413688
1742326196
107617091
2105927147
58350044
1414359976
1810444635
8618728
1490976994
680892353
1893427082
1907198514
517762694
187795237
1053139677
917194871
2018373822
1664863180
643512264
1838145894
2022368774
1111661581
2057776731
1861281337
1937594659
994095434
1890107369
1202439257
1958005384
1228013767
709953190
210425063
222432186
1982072539
74296387
1789459827
990574233
1204132358
1207250297
1421831198
134865346
2018433483
1814334167
1670623749
215031775
1994501047
632597000
2099449617
2042973091
910927128
1798417375
91960977
75059712
432010768
465975884
1100345841
1324283361
906964333
784882738
1547891848
1659524275
51793757
157196917
634472110
1775892833
928286052
353429958
2024170940
1343500038
177009587
421359447
709216917
1443508480
1880311097
711237687
68953217
1176545581
460309847
511243424
1627629494
2120926534
564620628
384897425
516654640
2084261516
635608396
1329368657
144167104
2044957585
1476888745
1958047298
1331582725
1746310195
2002946390
1845979111
949949597
869505684
271208221
857313811
715198778
738176217
1287070888
1540174864
101703362
240051929
245698372
190105822
109331984
1856715383
1966231314
520687504
1045266776
1094024007
1961870220
1680705850
1296925920
787680420
1610438039
1665113946
1999508072
60864126
47360815
1660539600
2006076080
476498927
2040306182
546139155
1358295396
1961814195
12582487
405624413
687899136
1614578590
1499147828
1009897160
622055013
890624351
1775697916
1587970051
1026241099
260659351
1575969440
1439397847
850076816
144016082
1092515888
636529170
1263948053
1520944006
283852417
686954408
860064852
491574114
451029828
651666510
564607196
554292188
1259970345
38542022
257854357
529976594
513377858
1866263781
1247226363
2133383460
546140193
577469887
115335360
1565449087
1922642840
1237303103
961242761
892629634
968170361
1044013509
1352935866
1834048088
406852271
188414869
522834374
1714779310
1360492752
449251019
1198528488
16243446
665333420
495566268
2006734531
1134557648
1454057012
364928425
302796906
394801782
1192546221
1035260768
900851031
573656249
759962637
991372904
1597331233
840542945
434723672
928431446
1877586404
53238838
2096226220
116510791
394552003
962275804
1534694860
1559458615
939700058
992710411
1512862395
1563387957
808153976
126442049
316943089
2140644519
646292630
564413700
1189820304
1037326932
1542886321
1518174410
1276271946
1191775616
760393733
1453564081
1020378561
1311765282
1770046684
704879323
1489224915
1055968750
47149221
844626622
1790198925
1060523899
808199588
1614923659
1850521039
1024463926
114761421
935152273
1502871140
788462229
454111135
1167066756
1668068961
69089861
945272457
1517257230
3592673
2061286553
77871131
1723926984
917332478
1788865433
195683211
248314340
755901558
1376564339
1435194249
1208245941
804544823
1520434943
1364658689
1594211994
2021785607
2110189229
563322890
1050683000
2008062058
1821217736
1359990230
766006224
506195623
1703170007
764721754
1912123207
1079629424
142153682
1793933193
678536799
1396761349
307424392
90906061
1580534890
1429907533
879415314
930002859
1693250983
403141315
1389159821
533326444
1688143114
596064206
1101506893
1070323409
469087393
834844902
2041492344
1562460634
1262972095
648990255
597471087
776219700
1561240363
592233338
142414175
1267799728
1949518044
318999390
443182345
1490553300
1122032997
1629407916
630068154
1385569249
228664870
1007175348
1742180464
2081700896
97650243
1890856673
347804606
1964544024
679993256
1369713493
916026572
37979935
626013905
1656167301
255489377
979394499
425516150
1054528543
880013539
748487247
1115991288
2017677002
1565349912
249035204
1595234334
1787919702
1861104272
1118057616
1750175520
1734016722
1023104652
868479286
1588104457
1212335506
879643885
91151838
1221443208
1085751227
1185136170
561724986
1862160633
712387211
1105103877
1012096331
357154214
914698558
166604986
1518123300
5174364
29281489
280116752
69574400
267753674
1397331585
1466133731
1542968256
1119745111
453948803
976626728
986431349
1633422371
754844662
349598571
381749153
1390473951
881006938
220746545
2057430405
624527237
2042631096
638776924
2038054683
480997549
1246042915
1516744324
1498825251
1729998367
790831539
922465432
1695431623
2030996037
731704876
1055272109
1888058238
1528214832
375143341
76004302
1166201675
738392402
211442673
1812952949
1246831744
553911309
1050363301
70825189
2071504668
1489295990
1018966950
1313955496
792973892
506613574
743066596
1183957658
1325577205
414672317
771044354
640391953
60452822
912605429
1575809069
744112932
1589473596
744294846
1862628263
579220325
198860401
738724511
1361933745
2066359833
1373637959
66407128
397616843
1246800225
1934497259
583003743
1639647464
762843719
544444802
1457828064
358088527
1395907155
280776072
622185914
140388460
840378390
1364126585
1662747606
1034847900
1535770227
31250869
1701458763
104093164
458289465
729143136
1752907851
1462725294
1123847488
1388773880
1632369189
1862098650
1341388753
1713501618
216578865
889205374
413013646
1176804964
1638087217
2031348123
1136076894
2037130979
768508141
662289054
1265438241
625802272
1161301904
1232383219
127209542
880466392
73112457
74780653
1211790464
630110979
1203138501
1760911617
997202930
520095697
1144883900
1190452676
142349323
680657298
1870768434
1574551853
748258827
436493515
1395395876
661763496
804081256
804729968
635453987
671769260
307739131
1671174566
334658009
1675842665
1483323115
1647106685
1848303897
1490581475
2050052189
684318927
1295457716
438632490
1695871564
107693126
278410064
173262621
987466354
1817474404
313781373
474394618
1709697566
965742603
1398458225
252655101
849788378
1923485387
1276057743
598540871
1927152933
778489960
1914981480
1895449082
153568402
1511304810
796326616
984197625
777986579
658017185
1980176675
1262967986
234158470
617972207
1670848926
1490684843
372973596
1873315018
1912849004
1011474826
1218526182
1841449441
1560206571
1380451305
1038673051
1046040575
625466388
1462308683
413911449
1229848633
1182345136
451151692
1885174047
256810637
229604281
1865675140
1439615048
110809471
1005198374
1163239619
1491851150
1406429856
236682594
1383409148
551783005
127204536
516723751
264125874
1399087143
809763588
12107783
2111353228
883411748
1061895064
731890504
1315162885
1620735348
1013971425
1431773973
399480833
1993332382
839155932
1351688106
149577518
1449793018
512069825
1436096554
1644178592
1861203540
704561853
860618916
202371829
1152570871
1642946705
506869970
1621011043
1606162991
1678268797
142471600
1928301634
1926862104
105044908
1218970316
862427595
506355434
1942510046
1679398141
1007842020
856539099
1376092715
1353652588
1970032546
850132800
2039523638
1640909321
1208741331
1491596942
2064500472
515168981
331780676
1601132519
1551416070
2090126158
1481622526
1761971561
885767661
1191269767
2034409231
590894714
1602971990
787910539
252605332
102966687
715399629
952373951
13764470
1133308543
1205467422
529586308
2139656638
1893283184
1723779588
234158470
617972207
1670848926
1490684843
372973596
1873315018
1912849004
1011474826
1218526182
1841449441
1560206571
1380451305
1038673051
1046040575
625466388
1462308683
413911449
1229848633
1182345136
451151692
1885174047
256810637
229604281
1865675140
1439615048
110809471
1005198374
1163239619
1491851150
1406429856
236682594
1383409148
551783005
127204536
516723751
264125874
1399087143
809763588
12107783
2111353228
883411748
1061895064
731890504
1315162885
1620735348
1013971425
1431773973
399480833
1993332382
839155932
1351688106
149577518
1449793018
512069825
1436096554
1644178592
1861203540
704561853
860618916
202371829
1152570871
1642946705
506869970
1621011043
1606162991
1678268797
142471600
1928301634
1926862104
105044908
1218970316
862427595
506355434
1942510046
1679398141
1007842020
856539099
1376092715
1353652588
1970032546
850132800
2039523638
1640909321
1208741331
1491596942
2064500472
515168981
331780676
1601132519
1551416070
2090126158
1481622526
1761971561
885767661
1191269767
2034409231
590894714
1602971990
787910539
252605332
102966687
715399629
952373951
13764470
1133308543
1205467422
529586308
2139656638
1893283184
1723779588
234158470
617972207
1670848926
1490684843
372973596
1873315018
1912849004
1011474826
1218526182
1841449441
1560206571
1380451305
1038673051
1046040575
625466388
1462308683
413911449
1229848633
1182345136
451151692
1885174047
256810637
229604281
1865675140
1439615048
110809471
1005198374
1163239619
1491851150
1406429856
236682594
1383409148
551783005
127204536
516723751
264125874
1399087143
809763588
12107783
2111353228
883411748
1061895064
731890504
1315162885
1620735348
1013971425
1431773973
399480833
1993332382
839155932
1351688106
149577518
1449793018
512069825
1436096554
1644178592
1861203540
704561853
860618916
202371829
1152570871
1642946705
506869970
1621011043
1606162991
1678268797
142471600
1928301634
1926862104
105044908
1218970316
862427595
506355434
1942510046
1679398141
1007842020
856539099
1376092715
1353652588
1970032546
850132800
2039523638
1640909321
1208741331
1491596942
2064500472
515168981
331780676
1601132519
1551416070
2090126158
1481622526
1761971561
885767661
1191269767
2034409231
590894714
1602971990
787910539
252605332
102966687
715399629
952373951
13764470
1133308543
1205467422
529586308
2139656638
1893283184
1723779588
